    728     926    34.2    20.0     8.2   235.0     2.6   314.2     7.4
    737     925    34.2    22.0     9.2   240.0     3.1   314.3     8.0
    815     917    32.2    23.0     8.2   249.0     4.1   313.0     7.5
    914     906    31.2    23.0     7.8   260.0     5.1   313.0     7.4
   1219     876    28.1    25.0     6.5   245.0     4.6   312.9     7.0
   1489     850    25.4    28.0     5.4   255.0     5.1   312.7     6.7
   1829     817    22.0    31.0     4.1   280.0     3.1   312.7     6.3
   1995     802    20.4    33.0     3.4   275.0     2.6   312.6     6.1
   2134     789    19.2    33.0     2.7   270.0     2.1   312.8     5.9
   2438     761    16.6    35.0     1.1    30.0     0.5   313.2     5.5
   2743     734    13.9    37.0    -0.5   240.0     1.0   313.6     5.0
   3148     700    10.4    40.0    -2.6   260.0     3.6   314.0     4.5
   3376     681     8.4    39.0    -4.6   269.0     3.6   314.2     4.0
   3658     657     5.9    45.0    -5.3   280.0     4.1   314.5     3.9
   4267     609     0.4    59.0    -6.8   325.0     5.7   315.0     3.8
   4572     587    -2.4    68.0    -7.6   285.0     6.2   315.2     3.7
   4784     572    -4.3    75.0    -8.1   292.0     5.7   315.4     3.6
   4877     565    -4.9    73.0    -9.0   295.0     5.1   315.7     3.5
   4965     559    -5.5    72.0    -9.8   289.0     5.1   316.0     3.3
   5177     544    -6.3    27.0   -22.3   273.0     5.1   317.6     1.2
   5381     530    -7.9    20.0   -26.9   258.0     5.1   318.0     0.8
   5738     506   -10.7    28.0   -25.7   232.0     5.1   318.8     0.9
   5830     500   -11.3    23.0   -28.3   225.0     5.1   319.2     0.8
   6096     482   -13.3    23.0   -30.3   225.0     6.2   319.9     0.6
   6126     481   -13.5    22.0   -30.5   225.0     6.2   320.0     0.6
   6174     478   -13.9    36.0   -25.9   225.0     6.2   320.1     1.0
   6302     470   -14.7    27.0   -29.7   225.0     6.2   320.7     0.7
   6401     463   -15.2    34.0   -27.5   225.0     6.2   321.2     0.9
   6448     461   -15.5    38.0   -26.5   231.0     6.2   321.4     1.0
   6547     455   -15.7    60.0   -21.7   244.0     6.2   322.4     1.5
   6706     445   -16.2    55.0   -23.1   265.0     6.7   323.7     1.4
   6732     444   -16.3    55.0   -23.3   264.0     6.7   323.9     1.3
   7315     410   -20.5    54.0   -27.5   240.0     6.7   325.8     1.0
   7510     400   -21.9    53.0   -28.9   240.0     7.7   326.4     0.9
   7620     394   -22.8    54.0   -29.7   240.0     8.7   326.7     0.8
   7925     377   -25.3    55.0   -31.8   230.0     8.2   327.3     0.7
   8234     362   -27.9    56.0   -33.9   222.0    10.3   327.9     0.6
   8534     347   -30.4    66.0   -34.7   215.0    11.8   328.4     0.6
   8638     342   -31.3    70.0   -35.0   218.0    12.9   328.6     0.6
   8839     332   -32.8    57.0   -38.5   225.0    14.4   329.2     0.4
   9083     321   -34.7    44.0   -42.7   221.0    16.5   329.9     0.3
   9144     318   -35.3    45.0   -42.9   220.0    17.0   330.0     0.3
   9258     313   -36.3    48.0   -43.3   219.0    18.5   330.1     0.3
   9347     309   -37.1    25.0   -50.1   218.0    19.5   330.2     0.1
   9436     305   -37.5     8.0   -59.5   216.0    20.6   330.8     0.0
   9550     300   -38.3    24.0   -51.3   215.0    22.1   331.3     0.1
   9642     296   -38.7    38.0   -47.7   214.0    22.6   332.0     0.2
   9759     291   -39.1    34.0   -49.1   212.0    23.7   333.0     0.1
  10780     250   -48.3    34.0   -57.3   200.0    32.4   334.1     0.1
  11158     236   -51.4    30.0   -61.2   200.0    34.5   335.0     0.0
  11242     233   -52.1    29.0   -62.1   200.0    34.5   335.2     0.0
  11278     231   -52.2    27.0   -62.7   200.0    34.5   335.5     0.0
  11556     222   -53.1    17.0   -67.1   203.0    29.8   338.3     0.0
  11644     219   -52.3    11.0   -69.3   204.0    28.3   340.8     0.0
  11885     211   -53.9     4.0   -76.9   207.0    24.2   342.0     0.0
  12166     202   -53.7     4.0   -76.7   210.0    19.5   346.6     0.0
  12192     201   -53.9     4.0   -76.9   210.0    19.0   346.6     0.0
  12230     200   -54.3     4.0   -77.3   210.0    19.5   346.6     0.0
  12457     193   -55.7     4.0   -78.7   210.0    22.1   347.9     0.0
  12523     191   -55.5     4.0   -78.5   210.0    21.6   349.3     0.0
  12692     186   -53.3     2.0   -80.3   210.0    20.1   355.5     0.0
  12802     182   -53.8     1.0   -83.9   210.0    19.0   356.5     0.0
  12831     182   -53.9     1.0   -84.9   211.0    19.0   356.7     0.0
  13400     165   -49.7     9.0   -68.7   236.0    16.5   373.9     0.0
  14020     150   -52.9     6.0   -73.9   240.0    11.8   378.7     0.0
  14238     145   -53.7     5.0   -75.7   242.0    11.8   381.0     0.0
  14328     143   -53.1     5.0   -75.1   243.0    12.3   383.6     0.0
  14987     129   -56.1     3.0   -80.1   250.0    12.9   389.6     0.0
  15086     127   -55.5     4.0   -79.5   250.0    12.9   392.5     0.0
  15240     124   -56.3     3.0   -80.3   250.0    12.3   393.8     0.0
  15238     124   -56.3     3.0   -80.3   250.0    12.3   393.7     0.0
  15447     120   -54.9     4.0   -78.9   248.0    12.3   400.0     0.0
  16175     107   -57.7     2.0   -83.7   240.0    11.8   408.0     0.0
  16294     105   -58.3     3.0   -83.3   238.0    11.3   409.1     0.0
  16600     100   -58.9     2.0   -84.9   235.0    11.3   413.6     0.0
  16949      94   -59.1     2.0   -85.1   246.0    10.8   419.9     0.0
  17625      85   -56.9     2.0   -84.9   269.0    10.3   437.4     0.0
  17769      83   -56.5     2.0   -84.5   273.0     9.8   441.0     0.0
  18050      79   -56.9     2.0   -84.9   282.0     9.8   445.8     0.0
  18288      76   -56.7     2.0   -84.7   290.0     9.3   451.1     0.0
  18860      70   -56.1     2.0   -84.1   260.0     3.1   464.0     0.0
  18898      69   -56.0     2.0   -84.0   255.0     4.6   464.9     0.0
  18997      68   -55.9     2.0   -83.9   255.0     5.1   467.3     0.0
  19330      65   -56.7     2.0   -84.7   257.0     5.7   472.6     0.0
  19712      61   -55.3     2.0   -83.3   258.0     7.2   483.9     0.0
  19966      58   -55.9     2.0   -82.9   259.0     7.7   488.2     0.0
  20117      57   -55.5     2.0   -82.7   260.0     8.2   492.3     0.0
  20422      54   -54.8     2.0   -82.3   300.0     4.1   500.7     0.0
  20726      52   -54.1     2.0   -81.9   215.0     3.1   509.2     0.0
  21000      50   -53.5     2.0   -81.5   180.0     1.5   517.0     0.0
